7
100 4
3 8 6 4
2 5 10
4 1 3 3 7
4 50 14 23 8
20 3
3 4 6 8
2 5 10
4 1 3 5 5
5 3
3 6 4 8
2 10 6
4 7 3 1 7
38 2
5 70 97 47 51 3
5 69 44 95 88 89
50 11
18 69 62 47 25 60 40 85 96 83 14 85 2 50 22 39 4 98 8
20 45 10 2 9 78 97 4 18 86 5 28 55 25 41 54 2 1 45 86 96
7 52 80 28 53 2 18 56
19 25 55 95 86 8 4 64 5 59 81 90 15 60 96 39 1 49 92 1
6 78 48 24 29 79 52
13 32 21 89 83 46 43 77 31 51 32 46 7 42
18 48 56 38 43 47 90 44 38 90 89 67 89 12 47 67 15 80 51
16 68 33 33 62 9 15 64 93 61 70 34 38 69 90 27 12
8 16 7 77 57 47 44 97 58
2 64 25
1 14
19 4
19 28 31 18 4 86 32 58 73 14 22 49 6 51 63 4 23 6 81 15
7 52 39 2 14 25 77 26
15 47 1 65 26 32 35 30 17 66 87 42 80 60 42 85
3 4 40 85
75 6
2 13 12
11 43 84 50 4 42 3 77 74 50 39 88
9 18 72 30 37 23 97 64 6 17
11 2 77 24 28 55 5 40 66 95 34 49
17 89 91 51 17 64 100 55 4 80 24 75 9 12 98 5 76 55
13 18 56 50 41 35 4 45 74 69 92 59 69 88